40
4 10.0 7.5 7.25 0.0 7.5 7.25 0.0 10.0 7.25 10.0 10.0 7.25
4 10.0 0.0 7.25 0.0 0.0 7.25 0.0 2.5 7.25 10.0 2.5 7.25
4 10.0 2.5 7.25 7.5 2.5 7.25 7.5 7.5 7.25 10.0 7.5 7.25
4 2.5 2.5 7.25 0.0 2.5 7.25 0.0 7.5 7.25 2.5 7.5 7.25
4 7.5 3.5 7.25 3.5 3.5 7.25 3.5 7.5 7.25 7.5 7.5 7.25
4 10.0 7.5 7.75 10.0 10.0 7.75 0.0 10.0 7.75 0.0 7.5 7.75
4 10.0 0.0 7.75 10.0 2.5 7.75 0.0 2.5 7.75 0.0 0.0 7.75
4 10.0 2.5 7.75 10.0 7.5 7.75 7.5 7.5 7.75 7.5 2.5 7.75
4 2.5 2.5 7.75 2.5 7.5 7.75 0.0 7.5 7.75 0.0 2.5 7.75
4 7.5 3.5 7.75 7.5 7.5 7.75 3.5 7.5 7.75 3.5 3.5 7.75
4 0.0 0.0 7.25 10.0 0.0 7.25 10.0 0.0 7.75 0.0 0.0 7.75
4 10.0 0.0 7.75 10.0 0.0 7.25 10.0 10.0 7.25 10.0 10.0 7.75
4 10.0 10.0 7.75 10.0 10.0 7.25 0.0 10.0 7.25 0.0 10.0 7.75
4 0.0 0.0 7.25 0.0 0.0 7.75 0.0 10.0 7.75 0.0 10.0 7.25
4 7.5 2.5 7.75 7.5 2.5 7.25 2.5 2.5 7.25 2.5 2.5 7.75
4 2.5 2.5 7.25 2.5 7.5 7.25 2.5 7.5 7.75 2.5 2.5 7.75
4 2.5 7.5 7.75 2.5 7.5 7.25 3.5 7.5 7.25 3.5 7.5 7.75
4 3.5 3.5 7.25 3.5 3.5 7.75 3.5 7.5 7.75 3.5 7.5 7.25
4 3.5 3.5 7.75 3.5 3.5 7.25 7.5 3.5 7.25 7.5 3.5 7.75
4 7.5 3.5 7.75 7.5 3.5 7.25 7.5 2.5 7.25 7.5 2.5 7.75
4 10.0 7.5 2.25 0.0 7.5 2.25 0.0 10.0 2.25 10.0 10.0 2.25
4 10.0 0.0 2.25 0.0 0.0 2.25 0.0 2.5 2.25 10.0 2.5 2.25
4 10.0 2.5 2.25 7.5 2.5 2.25 7.5 7.5 2.25 10.0 7.5 2.25
4 2.5 2.5 2.25 0.0 2.5 2.25 0.0 7.5 2.25 2.5 7.5 2.25
4 6.5 2.5 2.25 2.5 2.5 2.25 2.5 6.5 2.25 6.5 6.5 2.25
4 10.0 7.5 2.75 10.0 10.0 2.75 0.0 10.0 2.75 0.0 7.5 2.75
4 10.0 0.0 2.75 10.0 2.5 2.75 0.0 2.5 2.75 0.0 0.0 2.75
4 10.0 2.5 2.75 10.0 7.5 2.75 7.5 7.5 2.75 7.5 2.5 2.75
4 2.5 2.5 2.75 2.5 7.5 2.75 0.0 7.5 2.75 0.0 2.5 2.75
4 6.5 2.5 2.75 6.5 6.5 2.75 2.5 6.5 2.75 2.5 2.5 2.75
4 0.0 0.0 2.25 10.0 0.0 2.25 10.0 0.0 2.75 0.0 0.0 2.75
4 10.0 0.0 2.75 10.0 0.0 2.25 10.0 10.0 2.25 10.0 10.0 2.75
4 10.0 10.0 2.75 10.0 10.0 2.25 0.0 10.0 2.25 0.0 10.0 2.75
4 0.0 0.0 2.25 0.0 0.0 2.75 0.0 10.0 2.75 0.0 10.0 2.25
4 2.5 7.5 2.75 2.5 7.5 2.25 7.5 7.5 2.25 7.5 7.5 2.75
4 7.5 2.5 2.25 7.5 2.5 2.75 7.5 7.5 2.75 7.5 7.5 2.25
4 7.5 2.5 2.75 7.5 2.5 2.25 6.5 2.5 2.25 6.5 2.5 2.75
4 6.5 2.5 2.25 6.5 6.5 2.25 6.5 6.5 2.75 6.5 2.5 2.75
4 2.5 6.5 2.75 6.5 6.5 2.75 6.5 6.5 2.25 2.5 6.5 2.25
4 2.5 7.5 2.75 2.5 6.5 2.75 2.5 6.5 2.25 2.5 7.5 2.25