20
4 10.0 7.5 4.75 0.0 7.5 4.75 0.0 10.0 4.75 10.0 10.0 4.75
4 10.0 0.0 4.75 0.0 0.0 4.75 0.0 2.5 4.75 10.0 2.5 4.75
4 10.0 2.5 4.75 7.5 2.5 4.75 7.5 7.5 4.75 10.0 7.5 4.75
4 2.5 2.5 4.75 0.0 2.5 4.75 0.0 7.5 4.75 2.5 7.5 4.75
4 7.5 3.5 4.75 3.5 3.5 4.75 3.5 7.5 4.75 7.5 7.5 4.75
4 10.0 7.5 5.25 10.0 10.0 5.25 0.0 10.0 5.25 0.0 7.5 5.25
4 10.0 0.0 5.25 10.0 2.5 5.25 0.0 2.5 5.25 0.0 0.0 5.25
4 10.0 2.5 5.25 10.0 7.5 5.25 7.5 7.5 5.25 7.5 2.5 5.25
4 2.5 2.5 5.25 2.5 7.5 5.25 0.0 7.5 5.25 0.0 2.5 5.25
4 7.5 3.5 5.25 7.5 7.5 5.25 3.5 7.5 5.25 3.5 3.5 5.25
4 0.0 0.0 4.75 10.0 0.0 4.75 10.0 0.0 5.25 0.0 0.0 5.25
4 10.0 0.0 5.25 10.0 0.0 4.75 10.0 10.0 4.75 10.0 10.0 5.25
4 10.0 10.0 5.25 10.0 10.0 4.75 0.0 10.0 4.75 0.0 10.0 5.25
4 0.0 0.0 4.75 0.0 0.0 5.25 0.0 10.0 5.25 0.0 10.0 4.75
4 7.5 2.5 5.25 7.5 2.5 4.75 2.5 2.5 4.75 2.5 2.5 5.25
4 2.5 2.5 4.75 2.5 7.5 4.75 2.5 7.5 5.25 2.5 2.5 5.25
4 2.5 7.5 5.25 2.5 7.5 4.75 3.5 7.5 4.75 3.5 7.5 5.25
4 3.5 3.5 4.75 3.5 3.5 5.25 3.5 7.5 5.25 3.5 7.5 4.75
4 3.5 3.5 5.25 3.5 3.5 4.75 7.5 3.5 4.75 7.5 3.5 5.25
4 7.5 3.5 5.25 7.5 3.5 4.75 7.5 2.5 4.75 7.5 2.5 5.25