32
4 10.0 7.5 6.25 0.0 7.5 6.25 0.0 10.0 6.25 10.0 10.0 6.25
4 10.0 0.0 6.25 0.0 0.0 6.25 0.0 2.5 6.25 10.0 2.5 6.25
4 10.0 2.5 6.25 7.5 2.5 6.25 7.5 7.5 6.25 10.0 7.5 6.25
4 2.5 2.5 6.25 0.0 2.5 6.25 0.0 7.5 6.25 2.5 7.5 6.25
4 7.5 3.5 6.25 3.5 3.5 6.25 3.5 7.5 6.25 7.5 7.5 6.25
4 10.0 7.5 6.75 10.0 10.0 6.75 0.0 10.0 6.75 0.0 7.5 6.75
4 10.0 0.0 6.75 10.0 2.5 6.75 0.0 2.5 6.75 0.0 0.0 6.75
4 10.0 2.5 6.75 10.0 7.5 6.75 7.5 7.5 6.75 7.5 2.5 6.75
4 2.5 2.5 6.75 2.5 7.5 6.75 0.0 7.5 6.75 0.0 2.5 6.75
4 7.5 3.5 6.75 7.5 7.5 6.75 3.5 7.5 6.75 3.5 3.5 6.75
4 0.0 0.0 6.25 10.0 0.0 6.25 10.0 0.0 6.75 0.0 0.0 6.75
4 10.0 0.0 6.75 10.0 0.0 6.25 10.0 10.0 6.25 10.0 10.0 6.75
4 10.0 10.0 6.75 10.0 10.0 6.25 0.0 10.0 6.25 0.0 10.0 6.75
4 0.0 0.0 6.25 0.0 0.0 6.75 0.0 10.0 6.75 0.0 10.0 6.25
4 7.5 2.5 6.75 7.5 2.5 6.25 2.5 2.5 6.25 2.5 2.5 6.75
4 2.5 2.5 6.25 2.5 7.5 6.25 2.5 7.5 6.75 2.5 2.5 6.75
4 2.5 7.5 6.75 2.5 7.5 6.25 3.5 7.5 6.25 3.5 7.5 6.75
4 3.5 3.5 6.25 3.5 3.5 6.75 3.5 7.5 6.75 3.5 7.5 6.25
4 3.5 3.5 6.75 3.5 3.5 6.25 7.5 3.5 6.25 7.5 3.5 6.75
4 7.5 3.5 6.75 7.5 3.5 6.25 7.5 2.5 6.25 7.5 2.5 6.75
4 4.0 1.0 1.0 1.0 1.0 1.0 1.0 3.0 1.0 4.0 3.0 1.0
4 4.0 1.0 3.0 4.0 3.0 3.0 1.0 3.0 3.0 1.0 1.0 3.0
4 4.0 1.0 1.0 4.0 1.0 3.0 1.0 1.0 3.0 1.0 1.0 1.0
4 4.0 3.0 1.0 1.0 3.0 1.0 1.0 3.0 3.0 4.0 3.0 3.0
4 1.0 1.0 3.0 1.0 3.0 3.0 1.0 3.0 1.0 1.0 1.0 1.0
4 4.0 1.0 3.0 4.0 1.0 1.0 4.0 3.0 1.0 4.0 3.0 3.0
4 9.0 5.0 1.0 6.0 5.0 1.0 6.0 7.0 1.0 9.0 7.0 1.0
4 9.0 5.0 3.0 9.0 7.0 3.0 6.0 7.0 3.0 6.0 5.0 3.0
4 9.0 5.0 1.0 9.0 5.0 3.0 6.0 5.0 3.0 6.0 5.0 1.0
4 9.0 7.0 1.0 6.0 7.0 1.0 6.0 7.0 3.0 9.0 7.0 3.0
4 6.0 5.0 3.0 6.0 7.0 3.0 6.0 7.0 1.0 6.0 5.0 1.0
4 9.0 5.0 3.0 9.0 5.0 1.0 9.0 7.0 1.0 9.0 7.0 3.0