0.1964 0.240883 0.983192 1.01112
0.2472 0.310753 0.993595 0.517392
0.1528 0.267688 0.958591 0.322935
0.1676 0.502561 0.945165 0.640603
0.1956 0.301324 0.995481 0.478624
0.355588 0.378 0.999013 0.558165
0.3484 0.512381 0.999989 0.726416
0.1244 0.462887 0.939632 0.485778
0.391989 0.4712 0.999613 0.562864
0.106 0.218616 0.861885 0.31013
0.275088 0.2792 0.989646 0.618258
0.074 0.180297 0.853151 0.222579
0.2008 0.243597 0.985091 0.358657
0.6584 0.999999 1 1.00006
0.338233 0.3596 0.998388 0.521833
0.18 0.343498 0.994049 0.503722
0.504 0.544274 0.999996 0.716147
0.2192 0.341889 0.997271 0.555348
0.2676 0.286266 0.998885 0.851027
0.3212 0.419595 0.999504 0.596665
0.416707 0.4716 0.99958 0.563345
0.2552 0.310233 0.998585 0.589576
0.0728 0.130954 0.847857 0.197473
0.5304 0.99821 1 0.875245
0.056 0.115805 0.792162 0.186384
0.2388 0.281222 0.993755 0.510746
0.2444 0.360494 0.998556 0.552457
0.1988 0.230113 0.97535 0.331189
0.37008 0.426 0.999753 0.60094
0.1024 0.156274 0.847916 0.203452
0.0644 0.111272 0.818079 0.150467
0.0412 0.119792 0.855805 0.404738
0.562 0.681087 0.999624 0.912805
0.2812 0.327739 0.995456 0.902855
0.5244 0.589603 0.999997 0.717711
0.0916 0.215727 0.945239 0.334114
0.3468 0.401573 0.999597 0.57304
0.2696 0.331706 0.999609 0.602175
0.042 0.12329 0.774591 0.176998
0.1944 0.818032 0.999573 0.89214
0.1108 0.161657 0.951435 0.305834
0.458155 0.48 0.999992 0.723327
0.3656 0.715246 0.99995 0.954202
0.234 0.327663 0.998637 0.629843
0.432414 0.4472 0.999824 0.627078
0.0424 0.0857166 0.681901 0.121289
0.2876 0.389397 0.999944 0.668101
0.2312 0.99906 0.996403 1.01318
0.6972 0.839692 0.999997 0.947366
0.2228 0.318597 0.99404 0.528359
0.2992 0.411171 0.999624 0.677049
0.0492 0.0877397 0.717564 0.139203
0.084 0.171748 0.921611 0.239855
0.4916 0.983116 1 1.00077
0.3468 0.952216 0.999674 0.996789
0.1576 0.557418 0.971147 0.611509
0.3456 0.414598 0.999711 0.673168
0.2536 0.30046 0.996491 0.482072
0.4088 0.417212 0.999867 0.606887
0.316 0.640453 0.996906 0.662818
0.0652 0.124202 0.814838 0.170901
0.584 0.991071 1 1
0.4776 0.711977 1 0.931339
0.0716 0.11245 0.76879 0.158949
0.5984 0.996596 1 1
0.2988 0.338103 0.999126 0.604167
0.1308 0.205523 0.956035 0.377392
0.6784 0.982873 1 1.00097
0.1192 0.190524 0.944455 0.277042
0.1552 0.205876 0.97246 0.321877
0.4976 0.498535 1 0.795366
0.306394 0.3272 0.994787 0.407728
0.439538 0.5092 1 0.751737
0.2444 0.264709 0.984926 0.358146
0.4012 0.409245 0.999191 0.542225
0.0492 0.124836 0.753872 0.186372
0.4976 0.999074 1 1.00005
0.2076 0.998866 0.976114 1.00881
0.1928 0.245975 0.990793 0.445799
0.1972 0.232789 0.988838 0.400184
0.4572 0.460878 0.99999 0.687477
0.0896 0.275711 0.923199 0.323858
0.2984 0.957348 0.995759 0.98733
0.3572 0.416834 0.999768 0.598732
0.1948 0.409755 0.996375 0.60096
0.674 0.693927 1 0.926189
0.1764 0.238349 0.979317 0.403869
0.266 0.308372 0.994995 0.478704
0.4812 0.920256 0.999711 0.793499
0.1568 0.25829 0.98436 1.01695
0.1816 0.215834 0.952461 0.300346
0.246 0.330434 0.998367 0.517878
0.1916 0.306266 0.983973 0.354094
0.09 0.115198 0.840223 0.175834
0.440792 0.442 0.999981 0.729797
0.4156 0.424238 0.999907 1.00294
0.4104 0.472701 0.999996 0.683541
0.074 0.161206 0.804971 0.227827
0.4404 0.580405 0.999995 0.778065
0.3028 0.303779 0.994487 0.459255
0.352259 0.3868 0.999407 0.616254
0.2832 0.372601 0.999742 0.714949
0.362 0.498337 0.999928 0.667726
0.308 0.428705 0.999986 1.10975
0.2232 0.2758 0.989537 0.565223
0.2744 0.325719 0.998349 0.532257
0.2968 0.354338 0.991995 0.487978
0.402534 0.4432 0.999885 0.616354
0.4808 0.507843 0.999979 0.720914
0.3436 0.481718 0.999761 0.65297
0.4504 0.659498 0.999999 0.873927
0.2016 0.238547 0.98283 0.437393
0.0788 0.169594 0.900912 0.25582
0.310413 0.3668 0.994555 0.446944
0.2296 0.256866 0.986896 0.389334
0.174 0.222474 0.975969 0.328794
0.6964 0.842436 1 0.999027
0.5112 0.637659 0.999998 1.14854
0.6864 0.970953 1 0.999528
0.2876 0.415841 0.998701 0.54229
0.2548 0.29788 0.997681 0.483724
0.374 0.387801 0.99941 0.544327
0.3692 0.37209 0.998716 0.556856
0.3864 0.418122 0.99699 0.556273
0.3192 0.346262 0.998891 0.52341
0.4224 0.429856 0.999995 0.980759
0.196 0.214399 0.969374 0.298096
0.355098 0.3856 0.999838 0.691195
0.0764 0.184928 0.837053 0.214676
0.3772 0.450103 0.999954 0.698953
0.1248 0.224024 0.968051 0.305178
0.3664 0.548046 0.999446 0.647511
0.4756 0.987364 1 1
0.2876 0.930334 0.999918 0.900821
0.3784 0.863324 0.999965 0.97134
0.1932 0.289239 0.995422 0.565424
0.1428 0.336533 0.961984 0.644007
0.3548 0.486831 0.999964 0.716785
0.318809 0.332 0.99429 0.421383
0.2488 0.2547 0.986544 0.394647
0.1284 0.212593 0.955604 0.308496
0.2636 0.614548 0.999944 0.805986
0.424409 0.492 0.999902 0.653995
0.3316 0.332687 0.998507 0.524459
0.5024 0.66335 0.999983 0.7183
0.481592 0.5036 0.999995 0.678015
0.1944 0.248543 0.984052 0.379521