0.095978 0.1003 0.637114 0.159547
0.176805 0.1352 0.883226 0.306289
0.149711 0.0472 0.999577 0.70547
0.174691 0.1869 0.998791 0.708085
0.112834 0.0548 0.744917 0.215477
0.106934 0.1159 0.920848 0.339878
0.525725 0.543 1 0.999999
0.511527 0.4175 1 0.996011
0.726991 0.8012 1 0.924184
0.558766 0.4873 0.998928 0.779578
0.034092 0.0302 0.254213 0.0441114
0 0.0006 0.0428158 0
0.0317174 0.0291 0.354468 0.0445398
0.365428 0.2682 0.999593 0.754941
0.395305 0.3588 0.999985 0.858987
0.446927 0.4054 1 0.985001
0.312611 0.2483 0.999755 0.778018
0.312721 0.1868 0.900753 0.332334
0.00252309 0.004 0.0568626 0.00252309
0.297353 0.2722 0.990378 0.585257
0.162263 0.1338 0.967323 0.449906
0.027685 0.0435 0.287401 0.0415344
0.270161 0.2309 0.993728 0.621472
0.459168 0.5486 0.998985 0.685586
0.595685 0.6542 1 0.999989
0.518727 0.421 1 0.964201
0.249463 0.3354 0.985542 0.523253
0.252758 0.2748 0.730258 0.415162
0.0409912 0.0484 0.330869 0.0604426
0.502276 0.4206 0.99989 0.788339
0.622726 0.6895 0.999751 0.761754
0.172875 0.1017 0.925749 0.347716
0.515877 0.4975 1 0.936717
0.363682 0.3677 0.999992 0.866488
0.524929 0.654 0.997387 0.609098
0.46548 0.484 1 0.942177
0.682013 0.6755 1 0.998818
0.606548 0.5948 1 0.994364
0.998781 0.819 1 0.99638
0.173071 0.127 0.959551 0.404114
0.0698226 0.0419 0.502676 0.100543
0.0735656 0.0377 0.630909 0.141579
0.502413 0.5941 0.999999 0.920639
0.357253 0.3098 0.999994 0.875197
0.109989 0.0522 0.926043 0.35142
0.490944 0.5057 1 0.996437
0.689669 0.7292 1 0.983664
0.509832 0.2753 0.995137 0.703605
0.550014 0.5932 1 0.984825
0.488808 0.4805 0.999999 0.896016
0.105647 0.0712 0.759423 0.228842
0.571797 0.5279 1 0.999931
0.436391 0.4461 0.99999 0.857702
0.335792 0.3765 1 0.988204
0.427986 0.3939 0.999997 0.921426
0.705328 0.7764 1 0.996567
0.47093 0.4669 1 0.993675
0.243895 0.2086 0.997669 0.663054
0.519744 0.5006 1 0.999995
0.323846 0.3747 0.997475 0.636655
0.513262 0.5107 0.99988 0.837312
0.113243 0.0738 0.924819 0.344302
0.202355 0.2307 0.999986 0.863991
0.108904 0.1174 0.912826 0.329192
0.135411 0.0834 0.846474 0.257735
0.378983 0.4694 0.999999 0.87894
0.0606975 0.0315 0.512499 0.0919949
0.603753 0.6374 1 0.9697
0.356754 0.2856 0.998568 0.677607
0.422533 0.4678 1 0.89191
0.696537 0.6908 1 1
0.130903 0.0643 0.64768 0.189404
0.660154 0.6852 1 0.98954
0.263271 0.2472 0.974477 0.476079
0.403264 0.3599 1 0.982054
0.441389 0.3715 0.999875 0.830882
0.383513 0.3576 1 0.988906
0.503393 0.4793 1 0.900184
0.658434 0.6382 1 0.999601
0.397674 0.4651 0.999999 0.908683
0.443302 0.4471 0.999893 0.740497
0.601018 0.7493 0.999063 0.696312
0.350788 0.3519 1 0.999999
0.145295 0.0576 0.887669 0.299526
0.548533 0.4831 1 0.999966
0.320666 0.3653 1 0.917006
0.331998 0.3429 0.999999 0.907246
0.384348 0.2823 0.998626 0.689712
0.354156 0.2751 0.993552 0.683222
0.568481 0.5289 1 0.999968
0.339699 0.4562 0.991295 0.558864
0.529334 0.4864 1 0.996523
0.519461 0.3963 0.999985 0.841308
0.446938 0.6065 0.998829 0.685389
0.55068 0.535 1 0.909742
0.331639 0.3186 1 0.935183
0.413809 0.4742 1 0.999997
0.380428 0.3332 0.999951 0.832212
0.534281 0.613 1 0.992004
0.190072 0.1337 0.991248 0.559072
0.528452 0.4792 0.999998 0.905283
0.178452 0.1484 0.960053 0.481412
0.68959 0.5925 1 0.953279
0.640273 0.7045 1 0.999999
0.271921 0.3864 1 0.998464
0.567729 0.6455 1 0.990508
0.462695 0.5097 1 0.910159
0.045836 0.0244 0.573294 0.113066
0.659466 0.6848 1 0.990989
0.680927 0.6243 1 0.999999
0.249329 0.2182 0.876085 0.327591
0.70277 0.7147 1 0.997089
0.122573 0.1151 0.898124 0.365902
0.673191 0.7981 1 0.944513
0.382369 0.4119 0.999832 0.837952
0.177118 0.1318 0.997514 0.654406
0.293426 0.3194 0.98326 0.499835
0.341434 0.4109 1 0.983928
0.163723 0.1548 0.897206 0.329533
0.543668 0.5061 1 0.991883
0.470464 0.4626 1 0.958727
0.69835 0.725 1 0.992139
0.112474 0.0726 0.853764 0.261624
0.457684 0.4944 1 0.968808
0.286655 0.3074 0.994399 0.604669
0.139543 0.1147 0.436747 0.178694
0.572361 0.6228 1 0.943002
0.854674 0.8643 1 0.986559
0 0.0002 0.0096014 0
0.447808 0.4174 0.999998 0.916039
0.00436364 0.0046 0.0754104 0.0046101
0.384919 0.4202 0.999692 0.750148
0.622514 0.6164 1 0.999605
0.466662 0.3769 1 0.942743
0.530685 0.4604 1 0.989055
0.331237 0.3682 0.99913 0.713223
0.387453 0.3244 0.999982 0.854529
0.361923 0.3597 0.999968 0.832564
0.0427241 0.0462 0.470043 0.0814233
0.441151 0.4361 1 0.994709
0.109367 0.0935 0.796211 0.255965
0.574257 0.6237 0.999951 0.830877
0.672831 0.6824 1 0.996442
0.470739 0.4805 0.999899 0.814121
0.0155743 0.0098 0.128267 0.01835
0.41134 0.4206 1 0.966254
0.237024 0.2604 0.958527 0.424115
0.0979446 0.0849 0.729372 0.19342
0.698864 0.8284 1 0.998135
0.405129 0.3875 1 0.97692
0.485627 0.4528 1 0.953886
0.281527 0.2789 0.987972 0.537996
0.597348 0.6393 1 0.994604
0.344899 0.2954 1 0.995193
0.616638 0.594 1 0.993345
0.413668 0.431 1 0.985122
0 0 0.00185838 0
0.484628 0.5685 1 0.934256